12.08	13.23	0.8664	5.099	2.936	1.415	4.961	1
15.01	14.76	0.8657	5.789	3.245	1.791	5.001	1
16.19	15.16	0.8849	5.833	3.421	0.903	5.307	1
13.02	13.76	0.8641	5.395	3.026	3.373	4.825	1
12.74	13.67	0.8564	5.395	2.956	2.504	4.869	1
14.11	14.18	0.882	5.541	3.221	2.754	5.038	1
13.45	14.02	0.8604	5.516	3.065	3.531	5.097	1
13.16	13.82	0.8662	5.454	2.975	0.8551	5.056	1
15.49	14.94	0.8724	5.757	3.371	3.412	5.228	1
14.09	14.41	0.8529	5.717	3.186	3.92	5.299	1
13.94	14.17	0.8728	5.585	3.15	2.124	5.012	1
15.05	14.68	0.8779	5.712	3.328	2.129	5.36	1
16.12	15	0.9	5.709	3.485	2.27	5.443	1
16.2	15.27	0.8734	5.826	3.464	2.823	5.527	1
17.08	15.38	0.9079	5.832	3.683	2.956	5.484	1
14.8	14.52	0.8823	5.656	3.288	3.112	5.309	1
14.28	14.17	0.8944	5.397	3.298	6.685	5.001	1
13.54	13.85	0.8871	5.348	3.156	2.587	5.178	1
13.5	13.85	0.8852	5.351	3.158	2.249	5.176	1
13.16	13.55	0.9009	5.138	3.201	2.461	4.783	1
15.5	14.86	0.882	5.877	3.396	4.711	5.528	1
15.11	14.54	0.8986	5.579	3.462	3.128	5.18	1
13.8	14.04	0.8794	5.376	3.155	1.56	4.961	1
18.36	16.52	0.8452	6.666	3.485	4.933	6.448	2
16.87	15.65	0.8648	6.139	3.463	3.696	5.967	2
19.31	16.59	0.8815	6.341	3.81	3.477	6.238	2
18.98	16.57	0.8687	6.449	3.552	2.144	6.453	2
18.17	16.26	0.8637	6.271	3.512	2.853	6.273	2
18.72	16.34	0.881	6.219	3.684	2.188	6.097	2
16.41	15.25	0.8866	5.718	3.525	4.217	5.618	2
17.99	15.86	0.8992	5.89	3.694	2.068	5.837	2
19.46	16.5	0.8985	6.113	3.892	4.308	6.009	2
19.18	16.63	0.8717	6.369	3.681	3.357	6.229	2
18.95	16.42	0.8829	6.248	3.755	3.368	6.148	2
18.83	16.29	0.8917	6.037	3.786	2.553	5.879	2
18.85	16.17	0.9056	6.152	3.806	2.843	6.2	2
17.63	15.86	0.88	6.033	3.573	3.747	5.929	2
19.94	16.92	0.8752	6.675	3.763	3.252	6.55	2
18.55	16.22	0.8865	6.153	3.674	1.738	5.894	2
18.45	16.12	0.8921	6.107	3.769	2.235	5.794	2
19.38	16.72	0.8716	6.303	3.791	3.678	5.965	2
19.13	16.31	0.9035	6.183	3.902	2.109	5.924	2
19.14	16.61	0.8722	6.259	3.737	6.682	6.053	2
20.97	17.25	0.8859	6.563	3.991	4.677	6.316	2
19.06	16.45	0.8854	6.416	3.719	2.248	6.163	2
18.96	16.2	0.9077	6.051	3.897	4.334	5.75	2
12.44	13.59	0.8462	5.319	2.897	4.924	5.27	3
12.15	13.45	0.8443	5.417	2.837	3.638	5.338	3
11.35	13.12	0.8291	5.176	2.668	4.337	5.132	3
11.24	13	0.8359	5.09	2.715	3.521	5.088	3
11.02	13	0.8189	5.325	2.701	6.735	5.163	3
11.55	13.1	0.8455	5.167	2.845	6.715	4.956	3
11.27	12.97	0.8419	5.088	2.763	4.309	5	3
11.4	13.08	0.8375	5.136	2.763	5.588	5.089	3
10.83	12.96	0.8099	5.278	2.641	5.182	5.185	3
10.8	12.57	0.859	4.981	2.821	4.773	5.063	3
11.26	13.01	0.8355	5.186	2.71	5.335	5.092	3
10.74	12.73	0.8329	5.145	2.642	4.702	4.963	3
11.48	13.05	0.8473	5.18	2.758	5.876	5.002	3
12.21	13.47	0.8453	5.357	2.893	1.661	5.178	3
11.41	12.95	0.856	5.09	2.775	4.957	4.825	3
12.46	13.41	0.8706	5.236	3.017	4.987	5.147	3
12.19	13.36	0.8579	5.24	2.909	4.857	5.158	3
11.65	13.07	0.8575	5.108	2.85	5.209	5.135	3
12.89	13.77	0.8541	5.495	3.026	6.185	5.316	3
11.56	13.31	0.8198	5.363	2.683	4.062	5.182	3
11.81	13.45	0.8198	5.413	2.716	4.898	5.352	3
10.91	12.8	0.8372	5.088	2.675	4.179	4.956	3
11.23	12.82	0.8594	5.089	2.821	7.524	4.957	3